
| <><    <><    <><    <><    <><    <><    <><      ><>    ><>    ><>    ><>    ><>    ><>    ><> |
|                                                                                                  |
| <><                          Протокол применения метода стаи окуней                          ><> |
|              к задаче поиска оптимального управления и траектории дискретных систем              |
| <><                                                                                          ><> |
|__________________________________________________________________________________________________|

1. ПОСТАНОВКА ЗАДАЧИ
    Решаемая задача: Пример   2
    Количество точек разбиения (шагов):    20
                                          0,0 <= u1 <=   4,0
    Ограничения на управление:            0,0 <= u2 <=   4,0
                                          0,0 <= u3 <=   0,5

    Начальные условия:                           x1 =  2,0
                                                 x2 =  5,0
                                                 x3 =  7,0
2. ПАРАМЕТРЫ МЕТОДА СТАИ ОКУНЕЙ
    Количество шагов до окончания
                        движения:         100
    Максимальное количество итераций:       4
    Количество стай:                        4
    Количество окуней в стае:               3
    Число перекоммутаций:                  10
    Число шагов в перекоммутации:           5
    Параметр распределения Леви:        1,500
    Величина шага:                      0,600
3. РЕЗУЛЬТАТЫ РАБОТЫ
    Оптимальное управление u*:

    2,34378    2,22506    1,98050    3,28481    2,40910    1,26925    2,02458    3,01809    3,75423    2,02118    0,44696    1,61899    0,71228    2,94863    2,07631    0,98500    2,56750    0,68857    1,30428    2,14857
    3,77715    2,03507    3,73863    2,85569    1,25757    3,00804    3,57761    2,07987    2,77307    1,33608    0,70117    3,08745    0,44340    3,59781    2,37264    1,99933    0,74150    2,37222    2,24569    2,71904
    0,15409    0,13741    0,32428    0,27587    0,30876    0,18085    0,29752    0,30544    0,17849    0,23081    0,41216    0,27250    0,09851    0,07808    0,29388    0,09532    0,27195    0,17239    0,25294    0,33330

    Оптимальная траектория x*:

    2,00000    1,72586    1,55199    1,36925    1,14836    1,04153    0,96774    0,85401    0,74048    0,60858    0,55954    0,55044    0,50106    0,48906    0,40941    0,36832    0,35104    0,32027    0,30885    0,28907    0,25744
    5,00000    0,74160    0,54105    0,31323    0,29896    0,43613    0,27343    0,19502    0,23602    0,16622    0,22671    0,26854    0,14175    0,24165    0,09953    0,10800    0,11475    0,17127    0,11557    0,09413    0,07199
    7,00000    6,70760    6,55585    6,24659    6,02699    5,92940    5,72601    5,47200    5,32736    5,15877    5,07530    5,02554    4,83556    4,81213    4,63245    4,49447    4,39816    4,35706    4,23916    4,12315    3,97890

    Значение функционала: 237,260749023471

Время расчета (ч:м:с): 00:00:00.04
------------------------------------------------------------------------

1. ПОСТАНОВКА ЗАДАЧИ
    Решаемая задача: Пример   2
    Количество точек разбиения (шагов):    30
                                          0,0 <= u1 <=   4,0
    Ограничения на управление:            0,0 <= u2 <=   4,0
                                          0,0 <= u3 <=   0,5

    Начальные условия:                           x1 =  2,0
                                                 x2 =  5,0
                                                 x3 =  7,0
2. ПАРАМЕТРЫ МЕТОДА СТАИ ОКУНЕЙ
    Количество шагов до окончания
                        движения:         100
    Максимальное количество итераций:       4
    Количество стай:                        4
    Количество окуней в стае:               3
    Число перекоммутаций:                  10
    Число шагов в перекоммутации:           5
    Параметр распределения Леви:        1,500
    Величина шага:                      0,600
3. РЕЗУЛЬТАТЫ РАБОТЫ
    Оптимальное управление u*:

    2,28919    3,23327    3,27202    3,15758    2,06434    1,60817    3,43772    1,33576    3,44318    2,44968    3,00760    0,85380    1,82894    1,08806    1,74280    2,56299    1,19866    1,91798    1,87958    1,30752    1,78567    2,08008    0,46346    2,41085    2,03515    3,39020    0,96412    1,97968    2,17127    1,69705
    3,06298    3,03481    3,18575    0,82358    2,09397    1,38678    1,07492    3,14270    3,95261    2,70651    3,20140    2,24848    3,09581    2,43666    1,37085    2,65345    2,12868    2,21932    1,87136    3,26808    2,75722    0,75662    2,76760    1,76829    2,97844    0,99896    2,96534    1,74794    1,70701    1,73416
    0,35897    0,18780    0,21565    0,29036    0,31324    0,40620    0,19867    0,41313    0,04369    0,31672    0,17893    0,15926    0,26552    0,36743    0,29001    0,25740    0,41641    0,20847    0,22398    0,39700    0,12981    0,08854    0,24443    0,37084    0,30564    0,26692    0,04304    0,22234    0,18492    0,37978

    Оптимальная траектория x*:

    2,00000    1,75625    1,46951    1,22215    1,09049    0,98673    0,92171    0,80846    0,74715    0,60284    0,52890    0,44576    0,42664    0,38385    0,36241    0,33676    0,29414    0,27710    0,25189    0,23076    0,21328    0,19340    0,17938    0,17471    0,15670    0,13970    0,12302    0,11633    0,10634    0,09648    0,08930
    5,00000    0,87569    0,40062    0,29937    0,55381    0,35072    0,37884    0,38831    0,21218    0,12673    0,14111    0,10867    0,12533    0,09744    0,10376    0,13458    0,08573    0,08797    0,07960    0,08025    0,05457    0,05188    0,09132    0,06274    0,05740    0,03756    0,05846    0,03537    0,03818    0,03601    0,03325
    7,00000    6,72027    6,48645    6,24461    6,17894    6,01358    5,89855    5,82352    5,57589    5,35498    5,17071    4,98265    4,85608    4,67300    4,52232    4,44373    4,30026    4,17439    4,06536    3,97433    3,80080    3,68598    3,65587    3,53415    3,45051    3,32135    3,27984    3,18144    3,11489    3,05313    2,98179

    Значение функционала: 266,203979408088

Время расчета (ч:м:с): 00:00:00.02
------------------------------------------------------------------------

1. ПОСТАНОВКА ЗАДАЧИ
    Решаемая задача: Пример   9
    Количество точек разбиения (шагов):    50
    Ограничения на управление:          -20000,0 <= u <= 20000,0
    Начальные условия:                           x =  0,0
2. ПАРАМЕТРЫ МЕТОДА СТАИ ОКУНЕЙ
    Количество шагов до окончания
                        движения:         100
    Максимальное количество итераций:       4
    Количество стай:                        4
    Количество окуней в стае:               3
    Число перекоммутаций:                  10
    Число шагов в перекоммутации:           5
    Параметр распределения Леви:        1,500
    Величина шага:                      0,600
3. РЕЗУЛЬТАТЫ РАБОТЫ
    Оптимальное управление u*:
 1103,65313 -1212,74782 -1003,43350 2799,95548 -4419,92850 -5080,67477 -1950,72673 5513,84666 -3448,73977 1522,03066 -734,12332 -3065,66711 1253,77941 -2492,64921 -4540,72091 -897,40191 6535,54317 1596,26906 5797,39052 -4588,70172  249,70068 4595,77839 1267,54383 -3059,34353 6745,93297 2567,36199 7774,68987 2356,62934 -1102,69531 2870,71739 -4670,16457 6116,06930 2989,57615 -5975,20280 -3957,82026 -5681,18645 2492,06040 5811,45414 4096,96748 3196,07510 2259,26618 5273,46984 7369,82263  -61,06893  570,34281 -5167,62863  485,22558 -1004,97245 -1521,62532 -7936,93565

    Оптимальная траектория x*:
    0,00000 1103,65313 -109,09469 -1112,52819 1687,42729 -2732,50121 -7813,17598 -9763,90271 -4250,05605 -7698,79582 -6176,76516 -6910,88848 -9976,55559 -8722,77618 -11215,42539 -15756,14630 -16653,54822 -10118,00505 -8521,73599 -2724,34547 -7313,04718 -7063,34650 -2467,56811 -1200,02428 -4259,36781 2486,56517 5053,92716 12828,61703 15185,24637 14082,55106 16953,26846 12283,10389 18399,17319 21388,74934 15413,54654 11455,72628 5774,53983 8266,60023 14078,05437 18175,02185 21371,09695 23630,36313 28903,83297 36273,65559 36212,58666 36782,92947 31615,30083 32100,52642 31095,55397 29573,92865 21636,99301

    Значение функционала: 60296656,5319593

Время расчета (ч:м:с): 00:00:00.02
------------------------------------------------------------------------
