
| <><    <><    <><    <><    <><    <><    <><      ><>    ><>    ><>    ><>    ><>    ><>    ><> |
|                                                                                                  |
| <><                          Протокол применения метода стаи окуней                          ><> |
|              к задаче поиска оптимального управления и траектории дискретных систем              |
| <><                                                                                          ><> |
|__________________________________________________________________________________________________|

1. ПОСТАНОВКА ЗАДАЧИ
    Решаемая задача: Пример   2
    Количество точек разбиения (шагов):   300
                                          0,0 <= u1 <=   4,0
    Ограничения на управление:            0,0 <= u2 <=   4,0
                                          0,0 <= u3 <=   0,5

    Начальные условия:                  x1 =  2,0
                                        x2 =  5,0
                                        x3 =  7,0
2. ПАРАМЕТРЫ МЕТОДА СТАИ ОКУНЕЙ
    Количество шагов до окончания
                        движения:         100
    Максимальное количество итераций:       4
    Количество стай:                        4
    Количество окуней в стае:               3
    Число перекоммутаций:                  10
    Число шагов в перекоммутации:           5
    Параметр распределения Леви:          1,5
    Величина шага:                        0,6
3. РЕЗУЛЬТАТЫ РАБОТЫ
    Оптимальное управление u*:
    0,00000    0,00000    0,00000    0,00000    0,00000    0,00000    0,00000    0,00000    0,00000    0,00000    0,00000    0,00000    0,00000    0,00000    0,00000    0,00000    0,00000    0,00000    0,00000    0,00000    0,00000    0,00000    0,00000    0,00000    0,00000    0,00000    0,00000    0,00000    0,00000    0,00000    0,00000    0,00000    0,00000    0,00000    0,00000    0,00000    0,00000    0,00000    0,00000    0,00000    0,00000    0,00000    0,00000    0,00000    0,00000    0,00000    0,00000    0,00000    0,00000    0,00000    0,00000    0,00000    0,00000    0,00000    0,00000    0,00000    0,00000    0,00000    0,00000    0,00000    0,00000    0,00000    0,00000    0,00000    0,00000    0,00000    0,00000    0,00000    0,00000    0,00000    0,00000    0,00000    0,00000    0,00000    0,00000    0,00000    0,00000    0,00000    0,00000    0,00000    0,00000    0,00000    0,00000    0,00000    0,00000    0,00000    0,00000    0,00000    0,00000    0,00000    0,00000    0,00000    0,00000    0,00000    0,00000    0,00000    0,00000    0,00000    0,00000    0,00000
    0,00000    0,00000    0,00000    0,00000    0,00000    0,00000    0,00000    0,00000    0,00000    0,00000    0,00000    0,00000    0,00000    0,00000    0,00000    0,00000    0,00000    0,00000    0,00000    0,00000    0,00000    0,00000    0,00000    0,00000    0,00000    0,00000    0,00000    0,00000    0,00000    0,00000    0,00000    0,00000    0,00000    0,00000    0,00000    0,00000    0,00000    0,00000    0,00000    0,00000    0,00000    0,00000    0,00000    0,00000    0,00000    0,00000    0,00000    0,00000    0,00000    0,00000    0,00000    0,00000    0,00000    0,00000    0,00000    0,00000    0,00000    0,00000    0,00000    0,00000    0,00000    0,00000    0,00000    0,00000    0,00000    0,00000    0,00000    0,00000    0,00000    0,00000    0,00000    0,00000    0,00000    0,00000    0,00000    0,00000    0,00000    0,00000    0,00000    0,00000    0,00000    0,00000    0,00000    0,00000    0,00000    0,00000    0,00000    0,00000    0,00000    0,00000    0,00000    0,00000    0,00000    0,00000    0,00000    0,00000    0,00000    0,00000    0,00000    0,00000
    0,00000    0,00000    0,00000    0,00000    0,00000    0,00000    0,00000    0,00000    0,00000    0,00000    0,00000    0,00000    0,00000    0,00000    0,00000    0,00000    0,00000    0,00000    0,00000    0,00000    0,00000    0,00000    0,00000    0,00000    0,00000    0,00000    0,00000    0,00000    0,00000    0,00000    0,00000    0,00000    0,00000    0,00000    0,00000    0,00000    0,00000    0,00000    0,00000    0,00000    0,00000    0,00000    0,00000    0,00000    0,00000    0,00000    0,00000    0,00000    0,00000    0,00000    0,00000    0,00000    0,00000    0,00000    0,00000    0,00000    0,00000    0,00000    0,00000    0,00000    0,00000    0,00000    0,00000    0,00000    0,00000    0,00000    0,00000    0,00000    0,00000    0,00000    0,00000    0,00000    0,00000    0,00000    0,00000    0,00000    0,00000    0,00000    0,00000    0,00000    0,00000    0,00000    0,00000    0,00000    0,00000    0,00000    0,00000    0,00000    0,00000    0,00000    0,00000    0,00000    0,00000    0,00000    0,00000    0,00000    0,00000    0,00000    0,00000    0,00000

    Оптимальная траектория x*:
    2,00000    2,00000    2,00000    2,00000    2,00000    2,00000    2,00000    2,00000    2,00000    2,00000    2,00000    2,00000    2,00000    2,00000    2,00000    2,00000    2,00000    2,00000    2,00000    2,00000    2,00000    2,00000    2,00000    2,00000    2,00000    2,00000    2,00000    2,00000    2,00000    2,00000    2,00000    2,00000    2,00000    2,00000    2,00000    2,00000    2,00000    2,00000    2,00000    2,00000    2,00000    2,00000    2,00000    2,00000    2,00000    2,00000    2,00000    2,00000    2,00000    2,00000    2,00000    2,00000    2,00000    2,00000    2,00000    2,00000    2,00000    2,00000    2,00000    2,00000    2,00000    2,00000    2,00000    2,00000    2,00000    2,00000    2,00000    2,00000    2,00000    2,00000    2,00000    2,00000    2,00000    2,00000    2,00000    2,00000    2,00000    2,00000    2,00000    2,00000    2,00000    2,00000    2,00000    2,00000    2,00000    2,00000    2,00000    2,00000    2,00000    2,00000    2,00000    2,00000    2,00000    2,00000    2,00000    2,00000    2,00000    2,00000    2,00000    2,00000    2,00000
    5,00000    5,00000    5,00000    5,00000    5,00000    5,00000    5,00000    5,00000    5,00000    5,00000    5,00000    5,00000    5,00000    5,00000    5,00000    5,00000    5,00000    5,00000    5,00000    5,00000    5,00000    5,00000    5,00000    5,00000    5,00000    5,00000    5,00000    5,00000    5,00000    5,00000    5,00000    5,00000    5,00000    5,00000    5,00000    5,00000    5,00000    5,00000    5,00000    5,00000    5,00000    5,00000    5,00000    5,00000    5,00000    5,00000    5,00000    5,00000    5,00000    5,00000    5,00000    5,00000    5,00000    5,00000    5,00000    5,00000    5,00000    5,00000    5,00000    5,00000    5,00000    5,00000    5,00000    5,00000    5,00000    5,00000    5,00000    5,00000    5,00000    5,00000    5,00000    5,00000    5,00000    5,00000    5,00000    5,00000    5,00000    5,00000    5,00000    5,00000    5,00000    5,00000    5,00000    5,00000    5,00000    5,00000    5,00000    5,00000    5,00000    5,00000    5,00000    5,00000    5,00000    5,00000    5,00000    5,00000    5,00000    5,00000    5,00000    5,00000    5,00000
    7,00000    7,00000    7,00000    7,00000    7,00000    7,00000    7,00000    7,00000    7,00000    7,00000    7,00000    7,00000    7,00000    7,00000    7,00000    7,00000    7,00000    7,00000    7,00000    7,00000    7,00000    7,00000    7,00000    7,00000    7,00000    7,00000    7,00000    7,00000    7,00000    7,00000    7,00000    7,00000    7,00000    7,00000    7,00000    7,00000    7,00000    7,00000    7,00000    7,00000    7,00000    7,00000    7,00000    7,00000    7,00000    7,00000    7,00000    7,00000    7,00000    7,00000    7,00000    7,00000    7,00000    7,00000    7,00000    7,00000    7,00000    7,00000    7,00000    7,00000    7,00000    7,00000    7,00000    7,00000    7,00000    7,00000    7,00000    7,00000    7,00000    7,00000    7,00000    7,00000    7,00000    7,00000    7,00000    7,00000    7,00000    7,00000    7,00000    7,00000    7,00000    7,00000    7,00000    7,00000    7,00000    7,00000    7,00000    7,00000    7,00000    7,00000    7,00000    7,00000    7,00000    7,00000    7,00000    7,00000    7,00000    7,00000    7,00000    7,00000    7,00000

    Значение функционала: 3847,61536499415

Время расчета (ч:м:с): 00:00:00.59
------------------------------------------------------------------------
